    1     6     6     4    7    3     5


    13    11    80    65 

    111    11    80    65
    202    11    80    65
    293    11    80    65
    382    11    80    65
    473    11    80    65
    558    11    80    65

     14    85    85    72
    106    85    85    72
    203    85    85    72
    291    85    85    72
    376    85    85    72
    465    85    85    72

     14   170    82    69
    106   170    82    69
    201   170    82    69
    302   170    82    69

     14   251    92    63
    112   251    92    63
    206   251   102    63
    319   251   105    63
    544   251   102    63
    658   251    92    63
    768   251    92    63

     14   378    77    63
    112   378    77    63
    208   378    77    63

     14   407    93    73
    109   407    93    73
    203   407    93    73
    308   407    93    73
    423   407    93    73