    1     8     1     5    1    2     1


    40    22    67    119 

    40    152    82   120
    131   152    71   120
    223   152    72   117
    320   152    68   120
    409   152    69   120
    502   157    68   114
    598   152    68   120
    690   152    67   119

    40    22    67    119 

     40   298    67   120
    111   295    68   123
    203   264    78   144
    310   295    98   123
    429   295    86   123

    40    22    67    119 

     40   298    67   120
    111   295    68   123

    40    22    67    119 