    1     8     1     4    1    2     1


    17    3    33    67 

    10     82    47    66
    64     82    52    66
    125    82    47    64
    190    82    33    69
    241    11    38    66
    295    82    39    69
    353    82    37    67
    405    82    34    69

    17    3    33    67 

      6   163    45    64
     55   163    51    64
    114   163    45    64
    183   163    33    66

    17    3    33    67 

      6   163    45    64
     55   163    51    64

    17    3    33    67 